148 130 89 161 150
164 164 112 192 178
88 76 33 100 84
87 119 44 133 133
93 65 37 79 73
====================
114 135 215 195 142
109 83 153 137 88
81 99 205 152 130
66 53 120 94 62
48 63 122 93 91
====================
167 153 82 97 151
159 134 119 127 164
239 180 103 153 222
202 153 112 167 196
150 112 77 119 143
====================
75 117 112 88 30
128 209 166 213 88
74 147 145 81 9
83 142 125 101 28
112 191 159 181 69
====================
146 157 66 124 148
128 166 28 138 170
103 185 28 100 132
98 177 48 56 108
124 151 34 142 133
====================
147 123 131 179 104
155 163 170 191 97
114 134 142 118 50
170 184 198 204 101
182 146 158 210 123
====================
